 10000110 
 00010001 
 11110000
 00010010
 10110001 
 10110011
 10100100
 11110001
 11001000
 10100001
 00101011
 10100001
 11110000
 10011010
 00110010
 11110101
 11000000
 11111101
 00100000
 00000010
 01100111
 00000000
 00010010
 00101001
 00000100
 00010111
 11100010
 11001110
 11010100
 01011100
 10010110
 00100101
 11110100
 01011100
 11100011
 01101111
 11000011
 01101111
 10100110
 00111000
 11010011
 10100100
 00010111
 01010101
 00101000
 00110111
 01010101
 00110010
 00001001
 00010110
 10011011
 01010100
 01011100
 10101001
 11101100
 11111011
 11011000
 10111011
 10011110
 11100111
 00111010
 11110101
 00101000
 00101101
 01010010
 10110001
 11110000
 10000110
 11111110
 11110001
 11001000
 00101101
 10010011
 01101111
 00001010
 00011101
 11100101
 00101000
 00101101
 11111010
 00011101
 10010011
 01101111
 01111100
 11111011
 11011000
 00110111
 11000010
 00101001
 10101110
 11010100
 01011100
 00001110
 00000000
 00000000
 00000000
 00000000
 00000000
 00000000
 00000000
 00000000
 00000000
 00000000
 00000000
 00000000 
 00000000
 00000000
 00000000
 00000000
 00000000
 00000000
 00000000
 00000000
 00000000
 00000000
 00000000
 00000000
 00000000
 00000000
 00000000
 00000000
 00000000
 00000000
 00000000
 00000000
 00000000
 00000000
 00000000
 